$ANSIBLE_VAULT;1.1;AES256
34326130353733346662316665623263383437306438626330626538383963393063393038366636
6535343061626366313134663261366636383739333066360a653336303332386234386637316335
31663434353735623962656362356162653939343366343733616665636565303038663839356134
3831663962623662650a616530613739326535613964346534353461303663613965653130626435
32616634663334373063663738616466383937623266383536626636633736336165366561383536
34663030636431323562646461656232343663653430396139316466336137313430343063663562
38343731356531396334373834323263333038363063333233643062666264316336303432316335
33373438623663656631383936303436643733346135656662336465323338636462386332383562
35346263326431613837323633383135613564643236303036396364393932303936626162303561
32306537636631346132646466313736323236393637643733353335363932336332363464353361
39383533353339613335306562626138623235353138343339363738636463363931376330646335
63663739306365613938396333663436303038313661656562306636643832346230326638356335
34313836356162323138386230666630613737383962636663393863666130313130316133343536
37623862346161383339393439326333363439383264396564666462326635373865663966336637
31353537346365636133653032346633373637623562353066356534393833646235376464376663
36613565383033646539363636643333616335346433646264326330393136303438316632643936
38613663663730613438666464376261323661333237356535613962303965376465333331613334
64613135383764623934633639656465643136383435376466396336313264656465326131653763
38656563356634346338393161646538633236653366306531393265646331306435303238623263
61356132393735643534326138313039323432613062373163643066636634363563363732373030
31306565326566613930613430656465373934663232323164303439643439643737643762343335
32386136316135353132613938376239393636356132363639386134363936313738336666613564
30343539633064333831666130613835363665306635636135666239346162346131336466313439
66313262636235316139346135343631306533363864366339666533633863646630363837393437
35663565356439616638326237643563313934343033356463633632396531616232626665366236
64656165323030666636656232373739303165373764343232666464336231653230636238376333
61386662366336316335333966646335346565646636383931363763383935396166393231366334
62383663333661636562303934393932353062393463356136656165323533353139613265306438
66333937383334363861623564353466616330356631613364396533326230623664656131653666
64393634383534633862393763363765373266616638653336383734323136613130633839373639
65373166323264313361653237376531353962393036383934356335393063363937633262653237
34343234383665666435343763396536643537356235656538323334383662316136613336303039
36336162383134616431386162366133663736663133346235343838643835363063376464303230
34643731343236356531626139663230656361623865663630343436666161353863656336643935
63396335646338636461636366393238356661646661386235303562363734393965376264333436
62666137373966656632636465636261623162366661653265353032396638333061623530633630
37643330306632303438656234373466363132326234613335636635613331383331663738313064
63633030646563666238623362613638613031346533616330353662623632313235653065653064
63366432393461373236333731386563663066343330373632303331666232346139653233656535
30306134373664373537663034663239656432633264386232666536613239626365613537333634
37356538343636656430333033376263663038353064366330306461646564326365336231636266
33643362643534363936346237383363636363363236643238626366353930633861626362346263
37373662666135313866396535636363616631306462386635386134346161313138396162383931
39373963653636363966363465326165663238363430646462373162313439616666633464303939
36633861633831613565363461323832336636316238613465373132623339306132326333396130
62653433356565616130343363356264336564313732343762616635383135663635623565643765
38316331663835663933366133336634303466373063333236613065376363366165663664643531
33343738396165343337366137336164363331623065616436633534306332323638336436633837
32323464376630326464306566666534383639626162363963313263306538376331663232396361
37663935386561363434363330313966393137333263336133316635636564643062336430333139
30383162623562326364313632353238333138316236356630316430353066373665343634643033
34346232303261383433306334666166393438303765376633326235636462366465373934323934
36653862386230356231336135316438653536323537376462636634373661303630636239373337
30616630656461366138353662363037656537373438353461363035636435653265613036623939
38326261666561386439303235633862313130343135653964353863323666663734363962643766
61373237336231623634383966623937633833306333346665616133303633326262653365386465
38336130316262633565633037653064303262383661346137303064333861303237386132346362
65653539333537356566356433323331306362663132316339643565383536643363633330316333
64656662663961373133393030646130626466366362333763333762383039616438386234393961
63353034333335636262336163363936646565386563633964363861633333396134306363323335
31376233616663373433663236663131343635343061653836376338306139356639666335663732
34376333643565346632663336383131643062623564363231326638633037666231653733373365
32336433356362343864313435303631376338623862383333363965303366393833623562393463
63663039356332353735626566623263313735393066656438363262656538363132646138636234
64643134343866353736343235376631363762313161623033366230626634306132326636376266
61363862336338316563633338336138653133623837393936616630313066303664396665363030
61656631643066353836363634326532313064623037363761643864353865346661613831333134
36623464356563326338623939653732343763313430626533623233656339363336366237336664
33353265643663643033306236363330383564646666393738383234616237656332393030386564
39393661313466316330643165373065666530356434373338626534636634373233613733633937
62353738336562303066346633653730313334636431303130306566356561326338653736313937
32306434353933306134636165636237623833386236326232623734366135626164613565633762
62663432383664616662373464343039353735393539386137383263663732383731376237393665
35653661646237313661363236656439386431643136363330663135313263383636653834343761
61383338663234313831383739383938313465383932343036313430313164333536313663383638
39663266323964363061663865653539306131636438326165643966636366346666356532626664
39346565363937613337363735326536376133613030653266326239646262383361613736393832
37373033393264313030386432643338633336313736663031613765623438626437333432616561
32386438643731386133373733313039646436353732333838353035386336393663636462666231
33356638633564633035356337336630616234383235666166656365393330643962636665663463
32313538343531363631613137636564343139373463623635633231613138396262623133396364
31366433323462313164653465623061643764363663363836653135363334613436373430363063
64343631643830323732623234313836376563656232353634653239393966363532393564353338
35663361363065656565613837316263396566323564363263313966653035663135633666386662
65363034383462616339653165666234653630613065303066646433346361313138633064383161
64383830623934383033363464396235643036383866326461653661666532353562363331353034
34646533343939383835333331343739313664303338663933663333323236313337356366326265
64643561386335643163633332303461396336303035383662366235313261636535343065363166
39653739616265396262343730356533323866376665333963626134373632663963336666343633
62623834396263353339373038643534366633343163356566323232373432303965653365393265
65366362363837323537623564373430643864303738363936326336363037623762326136353865
35356137336230346635326537313764306339653134636134313063633731333964383834323731
36316631613437653532393434313062396237366665656531663961353230313563623165636234
31663932323962343663346235313766336262306137363530663134346633386561636663616631
66343661653564316332363232653237323835326162653864336636636262363834346266663061
31396337363533356136383234646131303931346233626633613934313537343231313739613639
33643465363737663965396335636363636534643730343438313537633962626566613836336664
65353134363763333834326665346232633436386133393164646466363434653563326566623135
31616130623363396635326639316139343337386538626662386331343231346261666465356662
38326632353036653039326536653166363065376138363338336133303935633830323235336661
64326661383737336337616435643735613865343966623166333465613735653862386132373264
36613762303532663932316133613332313261303333626233623466346633333063333635326566
66316233383235393336653562363433386134656265316565393363353532353863313264626532
39626661353236396237373165303561656538346231323237366261316330643165626161313834
61666135373837366330303333333062626666653930353634653537363039306131613565323861
36386361666633373038333736623934316239613138353830303465353230353033323732616639
38303833623936313431383836646365363534326533663633313464356138303830646532346237
39353131376538343236383534373436376336663765633036336661313662323435353238663864
35303431326539613236353465613663646436633735666334646464383637386436623365666132
31646265663661346538633835663630616338393534313939376461386235616239623236633938
30366433623062643835663831316333366239623466616433616635623062386662656538656661
32353662653631633931613033393262373232386632313735656231343063336566313231343365
37373661646465653563396465393630656533383131396130653166323866353439353138646530
64316236336239633762383134343063383161616631373464306534333736333732616166336130
66303662303830656162613465376633326535356262343564323563356435353361666337616635
66313030303532613164626335623164363062623332336233333530333465613663373235646134
63326461616564343762373864333737323565303136643064643137613565653232643636366635
62636631373763333139323663643437333638383734393336333738623966346566623330653966
33653134346535643930613061613636343962383566636431653130303838633333666139326631
66633130663435393062383939323563316266626138316437383464663333626635376561393135
62653961633132376162333461373530343830373532666137333937393135373761336634663238
30633334383863366266633965663139303533383362656434633833353433623735613638396534
63306236643231363336633437373832306566343130346662613131333863393239653661313366
65383337366435666434383638356333323039626462626263386164613438623634383764656633
30336133376663316164653664666538663065343534646565613937653637613061363437613138
32613266653532663431353662373535663039353561653165396233623835616439626438353636
31646134336630626534346461616163376665376634636463343134323266623964333761653231
64643339316230303338383863393335383963336434326330363635353464306239393639373334
66386434346137613764353038356338383439633465393031663832646438376133643234343333
35313165366330323665383831376630653634656361363338363531663138663636373636666566
61633136313935646663336665663664313433623962373634313532393837633939396666336166
39306339616266366335383061343939646666303663303835656665666564643031376662656133
31623134383966313431373030363431363461336531303333313531653837613532356336626639
64653433633163663130396132623366346536376535343263616264393364343734313439336462
37346538383533363832663461313833336537336262643965373535653363656462666662633062
37633337306235653061383263336332356633366439313961303962393566316334643032383537
65376261336638363837316261326231623232613037336435366331393666393332363938356664
61633465323231356232613336373833356534656166653066663666636639313037353661356639
64383333646536383133636564333238623839646532383866373838363865653533313134393333
62613834303063366631363734303961326461323465616261326438643232323263623733306534
61653833393632633736646332373933623532613734633434386535306239623934666261373432
63663637323431363030393632643031366230383235393661653139643561393238383737383936
61363431623637393134366232613063633330633333333861663738393631663565616236373463
30316631393036383537393230346336343061303935343533396365643837633239346339396663
32666238626163626539363763646535363034323430663763316563376638323463663165656131
62626361623537396435366433353833363066376666616533373464333761383462623034633033
32613661336461303861313830396137393331336233336231323434396435343031633065393063
63383738306531633130313761363061303038303762643536333235636434663164653862663736
35643935316462623236316664333736656532373034636465643530343561386635306131636539
64363138613035313639333062643865626234303231616161333532636530386138353238346537
31353336613936616238376438653336363439393135356335656362646464613861616365383932
66633362376530306333616638623731316237323333633538303635383831663334333962613430
35353638636330313836383036353133623731623631666664326161323335386235366130666562
66643937363765303966356464303539326662363761376235323563636661626131383462663064
35633332633962333462383435386163323630303461373639666639363734643763643732376363
33316638626266316461333638383966363261383365373466636335303431396330633736303830
32656633663762636566336232613734613535616164336361383733343233626363656231373734
37616130366434363463623330353139626466313061626134393164323361393233663731306463
36376561353333623836363865613532666635383435396236316265663963653238323334646539
33303561643463656436383137376562643638303631396237633037386639333135636333353132
35626436626431383434393437333232646131643831643664326130303539356266393662653439
32363766313861666663666338353138363265393439636466363332376363316266663333643036
64623337303331336365353762366132613264636236303430656464646538313538636263653965
66396531376264323865666163343333363034393161623331623462636233306262353738663933
30363162383463643037616137613532393163656333316436646338643437623334613730613738
33393963623139616435646534393466363034353837656134346236393337376238346534653161
61663464366561613966623236643961663461303836356432313034363131373063613735366530
64376639626433363437396264386130323134636137363466333033336361363765663637666339
34656433336634613535663833356134313937393930376133666233656565633732643930396564
35366334616462336633346334623964323166313433653533316630626461656333663533616431
66383830613966386265663038313239633061313365636637376230333137333164633337623462
62663036663265313137
